4
bucuresti oradea 2
bucuresti iasi 2
cluj iasi 3
timisoara constanta 1

110 45 14 2 2024 14 10 30 2 2024 12 5 Airbus A300 120
115 45 14 2 2024 31 22 0 1 2 2024 0 5 Airbus A300 120

117 60 14 2 2024 31 8 0 1 2024 9 15     Boeing 73   250
125 60 14 2 2024 31 21 0 1 1 2024 22 15 Boeing 73 250

120 45 14 2 2024 31 8 0 1 2024 8 45 Boeing 73 200
127 45 14 2 2024 31 14 0 1 1 2024 14 45 Boeing 73 150
113 45 14 2 2024 31 23 30 1 2 2024 0 15 Boeing 73 130

131 75 14 2 2024 31 10 30 1 2024 11 0 Airbus A300 120
